%YAML:1.0
---
type: IMU
name: A3
Gyr:
   unit: " rad/s"
   avg-axis:
      gyr_n: 2.2077595575316650e-03
      gyr_w: 4.4081341114490021e-05
   x-axis:
      gyr_n: 2.5799981822043818e-03
      gyr_w: 5.9649003508887717e-05
   y-axis:
      gyr_n: 2.1110723705185840e-03
      gyr_w: 4.0813196897820568e-05
   z-axis:
      gyr_n: 1.9322081198720295e-03
      gyr_w: 3.1781822936761758e-05
Acc:
   unit: " m/s^2"
   avg-axis:
      acc_n: 2.6424759047081674e-02
      acc_w: 7.3309628223980491e-04
   x-axis:
      acc_n: 2.3218659035295294e-02
      acc_w: 5.6276836521644352e-04
   y-axis:
      acc_n: 1.9886552052261326e-02
      acc_w: 6.6087362556793911e-04
   z-axis:
      acc_n: 3.6169066053688408e-02
      acc_w: 9.7564685593503231e-04
